# time    /D1[0]/soma[0]/Shell_0   /D1[0]/soma[0]/Shell_1   /D1[0]/soma[0]/Shell_2   /D1[0]/soma[0]/Shell_3   /D1[0]/soma[0]/Shell_4   /D1[0]/soma[0]/Shell_5   /D1[0]/soma[0]/Shell_6   /D2[0]/soma[0]/Shell_0   /D2[0]/soma[0]/Shell_1   /D2[0]/soma[0]/Shell_2   /D2[0]/soma[0]/Shell_3   /D2[0]/soma[0]/Shell_4   /D2[0]/soma[0]/Shell_5   /D2[0]/soma[0]/Shell_6
0.000000 0.000050 0.000050 0.000050 0.000050 0.000050 0.000050 0.000050 0.000050 0.000050 0.000050 0.000050 0.000050 0.000050 0.000050
0.000200 0.000060 0.000051 0.000050 0.000050 0.000050 0.000050 0.000050 0.000056 0.000050 0.000050 0.000050 0.000050 0.000050 0.000050
0.000400 0.000065 0.000051 0.000050 0.000050 0.000050 0.000050 0.000050 0.000059 0.000051 0.000050 0.000050 0.000050 0.000050 0.000050
0.000600 0.000069 0.000052 0.000050 0.000050 0.000050 0.000050 0.000050 0.000061 0.000051 0.000050 0.000050 0.000050 0.000050 0.000050
0.000800 0.000072 0.000053 0.000050 0.000050 0.000050 0.000050 0.000050 0.000062 0.000052 0.000050 0.000050 0.000050 0.000050 0.000050
0.001000 0.000074 0.000055 0.000050 0.000050 0.000050 0.000050 0.000050 0.000063 0.000052 0.000050 0.000050 0.000050 0.000050 0.000050
0.001200 0.000076 0.000056 0.000050 0.000050 0.000050 0.000050 0.000050 0.000064 0.000053 0.000050 0.000050 0.000050 0.000050 0.000050
0.001400 0.000077 0.000057 0.000050 0.000050 0.000050 0.000050 0.000050 0.000064 0.000054 0.000050 0.000050 0.000050 0.000050 0.000050
0.001600 0.000078 0.000058 0.000050 0.000050 0.000050 0.000050 0.000050 0.000065 0.000054 0.000050 0.000050 0.000050 0.000050 0.000050
0.001800 0.000079 0.000058 0.000051 0.000050 0.000050 0.000050 0.000050 0.000065 0.000055 0.000050 0.000050 0.000050 0.000050 0.000050
0.002000 0.000079 0.000059 0.000051 0.000050 0.000050 0.000050 0.000050 0.000066 0.000055 0.000050 0.000050 0.000050 0.000050 0.000050
0.002200 0.000080 0.000060 0.000051 0.000050 0.000050 0.000050 0.000050 0.000066 0.000055 0.000050 0.000050 0.000050 0.000050 0.000050
0.002400 0.000080 0.000061 0.000051 0.000050 0.000050 0.000050 0.000050 0.000066 0.000056 0.000051 0.000050 0.000050 0.000050 0.000050
0.002600 0.000081 0.000062 0.000051 0.000050 0.000050 0.000050 0.000050 0.000066 0.000056 0.000051 0.000050 0.000050 0.000050 0.000050
0.002800 0.000081 0.000062 0.000051 0.000050 0.000050 0.000050 0.000050 0.000067 0.000057 0.000051 0.000050 0.000050 0.000050 0.000050
0.003000 0.000082 0.000063 0.000052 0.000050 0.000050 0.000050 0.000050 0.000067 0.000057 0.000051 0.000050 0.000050 0.000050 0.000050
0.003200 0.000082 0.000063 0.000052 0.000050 0.000050 0.000050 0.000050 0.000067 0.000057 0.000051 0.000050 0.000050 0.000050 0.000050
0.003400 0.000082 0.000064 0.000052 0.000050 0.000050 0.000050 0.000050 0.000067 0.000057 0.000051 0.000050 0.000050 0.000050 0.000050
0.003600 0.000082 0.000064 0.000052 0.000050 0.000050 0.000050 0.000050 0.000067 0.000058 0.000051 0.000050 0.000050 0.000050 0.000050
0.003800 0.000083 0.000065 0.000052 0.000050 0.000050 0.000050 0.000050 0.000067 0.000058 0.000051 0.000050 0.000050 0.000050 0.000050
0.004000 0.000083 0.000065 0.000052 0.000050 0.000050 0.000050 0.000050 0.000068 0.000058 0.000051 0.000050 0.000050 0.000050 0.000050
0.004200 0.000083 0.000066 0.000053 0.000050 0.000050 0.000050 0.000050 0.000068 0.000058 0.000051 0.000050 0.000050 0.000050 0.000050
0.004400 0.000083 0.000066 0.000053 0.000050 0.000050 0.000050 0.000050 0.000068 0.000059 0.000052 0.000050 0.000050 0.000050 0.000050
0.004600 0.000083 0.000066 0.000053 0.000050 0.000050 0.000050 0.000050 0.000068 0.000059 0.000052 0.000050 0.000050 0.000050 0.000050
0.004800 0.000083 0.000067 0.000053 0.000050 0.000050 0.000050 0.000050 0.000068 0.000059 0.000052 0.000050 0.000050 0.000050 0.000050
0.005000 0.000083 0.000067 0.000053 0.000050 0.000050 0.000050 0.000050 0.000068 0.000059 0.000052 0.000050 0.000050 0.000050 0.000050
0.005200 0.000084 0.000067 0.000054 0.000050 0.000050 0.000050 0.000050 0.000068 0.000059 0.000052 0.000050 0.000050 0.000050 0.000050
0.005400 0.000084 0.000067 0.000054 0.000050 0.000050 0.000050 0.000050 0.000068 0.000059 0.000052 0.000050 0.000050 0.000050 0.000050
0.005600 0.000084 0.000068 0.000054 0.000050 0.000050 0.000050 0.000050 0.000068 0.000059 0.000052 0.000050 0.000050 0.000050 0.000050
0.005800 0.000084 0.000068 0.000054 0.000050 0.000050 0.000050 0.000050 0.000068 0.000060 0.000052 0.000050 0.000050 0.000050 0.000050
0.006000 0.000084 0.000068 0.000054 0.000050 0.000050 0.000050 0.000050 0.000068 0.000060 0.000052 0.000050 0.000050 0.000050 0.000050
0.006200 0.000084 0.000068 0.000054 0.000050 0.000050 0.000050 0.000050 0.000068 0.000060 0.000052 0.000050 0.000050 0.000050 0.000050
0.006400 0.000084 0.000068 0.000055 0.000050 0.000050 0.000050 0.000050 0.000069 0.000060 0.000052 0.000050 0.000050 0.000050 0.000050
0.006600 0.000084 0.000069 0.000055 0.000050 0.000050 0.000050 0.000050 0.000069 0.000060 0.000052 0.000050 0.000050 0.000050 0.000050
0.006800 0.000084 0.000069 0.000055 0.000050 0.000050 0.000050 0.000050 0.000069 0.000060 0.000053 0.000050 0.000050 0.000050 0.000050
0.007000 0.000084 0.000069 0.000055 0.000050 0.000050 0.000050 0.000050 0.000069 0.000060 0.000053 0.000050 0.000050 0.000050 0.000050
0.007200 0.000084 0.000069 0.000055 0.000050 0.000050 0.000050 0.000050 0.000069 0.000060 0.000053 0.000050 0.000050 0.000050 0.000050
0.007400 0.000084 0.000069 0.000055 0.000050 0.000050 0.000050 0.000050 0.000069 0.000060 0.000053 0.000050 0.000050 0.000050 0.000050
0.007600 0.000084 0.000069 0.000055 0.000050 0.000050 0.000050 0.000050 0.000069 0.000060 0.000053 0.000050 0.000050 0.000050 0.000050
0.007800 0.000084 0.000069 0.000055 0.000051 0.000050 0.000050 0.000050 0.000069 0.000061 0.000053 0.000050 0.000050 0.000050 0.000050
0.008000 0.000084 0.000069 0.000056 0.000051 0.000050 0.000050 0.000050 0.000069 0.000061 0.000053 0.000050 0.000050 0.000050 0.000050
0.008200 0.000084 0.000070 0.000056 0.000051 0.000050 0.000050 0.000050 0.000069 0.000061 0.000053 0.000050 0.000050 0.000050 0.000050
0.008400 0.000084 0.000070 0.000056 0.000051 0.000050 0.000050 0.000050 0.000069 0.000061 0.000053 0.000050 0.000050 0.000050 0.000050
0.008600 0.000084 0.000070 0.000056 0.000051 0.000050 0.000050 0.000050 0.000069 0.000061 0.000053 0.000050 0.000050 0.000050 0.000050
0.008800 0.000084 0.000070 0.000056 0.000051 0.000050 0.000050 0.000050 0.000069 0.000061 0.000053 0.000050 0.000050 0.000050 0.000050
0.009000 0.000084 0.000070 0.000056 0.000051 0.000050 0.000050 0.000050 0.000069 0.000061 0.000053 0.000050 0.000050 0.000050 0.000050
0.009200 0.000084 0.000070 0.000056 0.000051 0.000050 0.000050 0.000050 0.000069 0.000061 0.000053 0.000050 0.000050 0.000050 0.000050
0.009400 0.000084 0.000070 0.000056 0.000051 0.000050 0.000050 0.000050 0.000069 0.000061 0.000053 0.000050 0.000050 0.000050 0.000050
0.009600 0.000084 0.000070 0.000057 0.000051 0.000050 0.000050 0.000050 0.000069 0.000061 0.000054 0.000050 0.000050 0.000050 0.000050
0.009800 0.000084 0.000070 0.000057 0.000051 0.000050 0.000050 0.000050 0.000069 0.000061 0.000054 0.000050 0.000050 0.000050 0.000050
0.010000 0.000084 0.000070 0.000057 0.000051 0.000050 0.000050 0.000050 0.000069 0.000061 0.000054 0.000050 0.000050 0.000050 0.000050
