# time    /D1[0]/soma   /D2[0]/soma
0.000000 -0.086000 -0.086000
0.000200 -0.086008 -0.085989
0.000400 -0.086028 -0.085981
0.000600 -0.086051 -0.085973
0.000800 -0.086075 -0.085966
0.001000 -0.086100 -0.085959
0.001200 -0.086124 -0.085952
0.001400 -0.086149 -0.085945
0.001600 -0.086174 -0.085939
0.001800 -0.086199 -0.085932
0.002000 -0.086224 -0.085926
0.002200 -0.086248 -0.085920
0.002400 -0.086273 -0.085914
0.002600 -0.086297 -0.085907
0.002800 -0.086321 -0.085901
0.003000 -0.086344 -0.085895
0.003200 -0.086368 -0.085890
0.003400 -0.086391 -0.085884
0.003600 -0.086413 -0.085878
0.003800 -0.086436 -0.085873
0.004000 -0.086458 -0.085867
0.004200 -0.086480 -0.085862
0.004400 -0.086502 -0.085856
0.004600 -0.086523 -0.085851
0.004800 -0.086544 -0.085845
0.005000 -0.086565 -0.085840
0.005200 -0.086586 -0.085835
0.005400 -0.086606 -0.085830
0.005600 -0.086626 -0.085825
0.005800 -0.086646 -0.085820
0.006000 -0.086665 -0.085815
0.006200 -0.086684 -0.085810
0.006400 -0.086703 -0.085805
0.006600 -0.086722 -0.085800
0.006800 -0.086741 -0.085796
0.007000 -0.086759 -0.085791
0.007200 -0.086777 -0.085786
0.007400 -0.086795 -0.085782
0.007600 -0.086812 -0.085777
0.007800 -0.086829 -0.085773
0.008000 -0.086846 -0.085768
0.008200 -0.086863 -0.085764
0.008400 -0.086880 -0.085759
0.008600 -0.086896 -0.085755
0.008800 -0.086912 -0.085751
0.009000 -0.086928 -0.085747
0.009200 -0.086944 -0.085742
0.009400 -0.086960 -0.085738
0.009600 -0.086975 -0.085734
0.009800 -0.086990 -0.085730
0.010000 -0.087005 -0.085726
